baby_cart 1150 55 260 100 150
baby_cart 1440 55 50 100 130
baby_cart 2800 55 100 100 163
baby_cart 3100 55 100 100 135
baby_cart 3400 55 100 100 140

hazard 2000 55 0 0 0

-hazard 2800 55 0 0 0
-hazard 3100 55 0 0 0
-hazard 3400 55 0 0 0
-hazard 4500 55 0 0 0
-hazard 4900 55 0 0 0
-hazard 5300 55 0 0 0



-hag 2000 30 0 0 0
-hag 4000 30 0 0 0
-hag 4150 30 0 0 0
-hag 4300 30 0 0 0
-hag 4450 30 0 0 0
-hag 4600 30 0 0 0
-hag 4750 30 0 0 0
-hag 4900 30 0 0 0
-hag 5050 30 0 0 0
-hag 5200 30 0 0 0
-hag 5350 30 0 0 0
-hag 5500 30 0 0 0
-hag 5650 30 0 0 0
-hag 5800 30 0 0 0
-hag 5950 30 0 0 0


-hag 7200 30 0 0 0
-hag 7800 30 0 0 0
