street-oilenemy 4300 55 260 100 150
street-oilenemy 4600 55 50 100 145
street-oilenemy 4900 55 100 100 130
street-oilenemy 5100 55 100 100 145
-street-oilenemy 5400 55 100 100 130

garbage 1150 54 0 0 0
garbage 1250 54 0 0 0
garbage 1350 54 0 0 0
garbage 1640 54 0 0 0
garbage 1740 54 0 0 0
garbage 1840 54 0 0 0
garbage 1940 54 0 0 0
garbage 2240 54 0 0 0
garbage 2340 54 0 0 0
garbage 2440 54 0 0 0
garbage 2540 54 0 0 0
garbage 2640 54 0 0 0

rocks 7650 54 0 0 0
rocks 7800 54 0 0 0
rocks 7950 54 0 0 0
rocks 8100 54 0 0 0
rocks 8250 54 0 0 0
rocks 8400 54 0 0 0
rocks 8550 54 0 0 0
rocks 8700 54 0 0 0
rocks 8850 54 0 0 0
rocks 9000 54 0 0 0
rocks 9150 54 0 0 0
rocks 9300 54 0 0 0
rocks 9450 54 0 0 0
rocks 9600 54 0 0 0
rocks 9750 54 0 0 0
rocks 9900 54 0 0 0
rocks 10050 54 0 0 0
rocks 10200 54 0 0 0
rocks 10350 54 0 0 0
rocks 10500 54 0 0 0
rocks 7750 90 0 0 0
rocks 7900 90 0 0 0
rocks 8050 90 0 0 0
rocks 8200 90 0 0 0
rocks 8350 90 0 0 0
rocks 8500 90 0 0 0
rocks 8650 90 0 0 0
rocks 8800 90 0 0 0
rocks 8950 90 0 0 0
rocks 9100 90 0 0 0
rocks 9250 90 0 0 0
rocks 9400 90 0 0 0
rocks 9550 90 0 0 0
rocks 9700 90 0 0 0
rocks 9850 90 0 0 0
rocks 10000 90 0 0 0
rocks 10150 90 0 0 0
rocks 10300 90 0 0 0
rocks 10450 90 0 0 0

bird 7400 600 0 0 0
bird 8460 450 0 0 0
bird 9750 850 0 0 0

drone 11500 1400 260 100 120
drone 12000 1400 260 100 110
drone 12500 1400 260 100 160
drone 13000 1400 260 100 180

-street-vehicle 11000 55 260 100 150
-street-vehicle 14000 55 260 100 130
-street-vehicle 18000 55 260 100 140
-street-vehicle 6600 55 260 100 150
